450	0.157074383
451	0.163801039
452	0.170808669
453	0.17848066
454	0.18656881
455	0.194778236
456	0.205201699
457	0.21037197
458	0.213775877
459	0.21615895
460	0.2130429
461	0.222241591
462	0.237139123
463	0.257602825
464	0.289517565
465	0.312723961
466	0.334909643
467	0.356253777
468	0.372339935
469	0.398879621
470	0.430537749
471	0.467729578
472	0.513407403
473	0.559426288
474	0.60905895
475	0.662453506
476	0.716483658
477	0.780811851
478	0.851567121
479	0.928227208
480	1.011346472
481	1.0954775
482	1.180689643
483	1.265231613
484	1.349336699
485	1.42526118
486	1.493391602
487	1.552048431
488	1.601669535
489	1.636043777
490	1.656399751
491	1.662540584
492	1.652816937
493	1.6331646
494	1.602658831
495	1.562552186
496	1.512437684
497	1.458632392
498	1.400841288
499	1.340458398
500	1.278550671
501	1.216765985
502	1.155894069
503	1.09675947
504	1.039890563
505	0.986128636
506	0.935667132
507	0.888646028
508	0.84638224
509	0.805274784
510	0.766386342
511	0.729557576
512	0.694358506
513	0.661508193
514	0.630650725
515	0.601717002
516	0.574393636
517	0.5491821
518	0.525743918
519	0.503911883
520	0.484519069
521	0.464739697
522	0.445357154
523	0.426341494
524	0.406176147
525	0.389038268
526	0.373622933
527	0.359928312
528	0.349437348
529	0.337900671
530	0.326555314
531	0.315324957
532	0.302691494
533	0.292674838
534	0.2839921
535	0.276619892
536	0.271695184
537	0.265779913
538	0.259764253
539	0.253482013
540	0.246646526
541	0.239764123
542	0.232717338
543	0.225620996
544	0.217798864
545	0.21151566
546	0.206181331
547	0.20185618
548	0.199185271
549	0.196389924
550	0.193944394
551	0.191745227
552	0.189402132
553	0.187616732
554	0.186036764
555	0.184555898
556	0.18369119
557	0.181673885
558	0.178986136
559	0.175606948
560	0.17093618
561	0.16674789
562	0.162576721
563	0.158522781
564	0.154828333
565	0.151099307
566	0.147524058
567	0.144130519
568	0.141069729
569	0.138053788
570	0.135239924
571	0.132691106
572	0.129873315
573	0.128427241
574	0.12780039
575	0.127928452
576	0.129999356
577	0.130394155
578	0.130281987
579	0.129706082
580	0.126983799
581	0.12722346
582	0.128778219
583	0.131633175
584	0.137459747
585	0.141067738
586	0.144069341
587	0.146378171
588	0.146716801
589	0.148790211
590	0.15136183
591	0.154461017
592	0.159075909
593	0.162292129
594	0.16515566
595	0.167726483
596	0.169172785
597	0.172395097
598	0.176497879
599	0.181555162
600	0.188293128
601	0.194626526
602	0.201341753
603	0.208474481
604	0.215991851
605	0.224394654
606	0.233719513
607	0.244179416
608	0.254008225
609	0.269040552
610	0.286728647
611	0.306475952
612	0.330740909
613	0.348478323
614	0.363032781
615	0.373960509
616	0.380059913
617	0.384779535
618	0.387009654
619	0.387133366
620	0.38489987
621	0.383076439
622	0.381154361
623	0.379612067
624	0.378575054
625	0.378370887
626	0.379214232
627	0.380927316
628	0.384412933
629	0.389445574
630	0.395944091
631	0.404763496
632	0.41314119
633	0.421594859
634	0.429900032
635	0.437298701
636	0.445172955
637	0.452952478
638	0.460533149
639	0.469054903
640	0.475241613
641	0.480166483
642	0.48400355
643	0.484970823
644	0.488985303
645	0.494534686
646	0.501855833
647	0.512245671
648	0.522343853
649	0.533204383
650	0.544719167
651	0.556527024
652	0.569352597
653	0.582854481
654	0.596966201
655	0.611173236
656	0.626513615
657	0.642316807
658	0.658261201
659	0.675237489
660	0.68912631
661	0.701093333
662	0.711001829
663	0.717875314
664	0.724767154
665	0.730568063
666	0.735320985
667	0.739604719
668	0.74165329
669	0.74228816
670	0.740967684
671	0.739537208
672	0.737777846
673	0.735919134
674	0.734247478
675	0.732665725
676	0.731358019
677	0.730407067
678	0.729470801
679	0.729531212
680	0.730220855
681	0.731396548
682	0.733334881
683	0.73441789
684	0.734734556
685	0.733918745
686	0.732980422
687	0.728084946
688	0.720393593
689	0.710048799
690	0.696411006
691	0.682892435
692	0.669170108
693	0.656033701
694	0.643571396
695	0.634718528
696	0.629431797
697	0.628382338
698	0.631306374
699	0.640984491
700	0.656569708
701	0.677894556
702	0.70281381
703	0.735498474
704	0.772202219
705	0.817409048
706	0.852621753
707	0.879580433
708	0.895810065
709	0.902613009
710	0.891167554
711	0.863626104
712	0.820852338
713	0.756028009
714	0.694044675
715	0.630476623
716	0.567943149
717	0.509130303
718	0.454088139
719	0.404507792
720	0.361112446
721	0.325128734
722	0.294062359
723	0.268530574
724	0.248001028
725	0.23397434
726	0.219324253
727	0.205948647
728	0.193519643
729	0.180441645
730	0.171379689
731	0.164465709
732	0.159887229
733	0.156917823
734	0.155507865
735	0.155393582
736	0.157050459
737	0.158296374
738	0.1594352
739	0.160282597
740	0.160283179
741	0.160651065
742	0.161050567
743	0.161571937
744	0.16219759
745	0.16336163
746	0.165061861
747	0.167398517
748	0.170236591
749	0.174263214
750	0.179258831
751	0.185181234
752	0.192176472
753	0.199390682
754	0.206962413
755	0.214739199
756	0.222573658
757	0.230290476
758	0.23774263
759	0.24504592
760	0.251409881
761	0.256910162
762	0.261473561
763	0.26522553
764	0.267849221
765	0.269574502
766	0.270593831
767	0.269875173
768	0.271101677
769	0.27323658
770	0.276282338
771	0.281899708
772	0.284756201
773	0.286675963
774	0.28775276
775	0.286879924
776	0.288617413
777	0.291601299
778	0.296339448
779	0.302204578
780	0.30938263
781	0.317791656
782	0.327487338
783	0.337793593
784	0.348624535
785	0.359719665
786	0.371250455
787	0.381787078
788	0.391483799
789	0.400168214
790	0.407642392
791	0.414141494
792	0.419593442
793	0.424076883
794	0.427023658
795	0.430561688
796	0.433930671
797	0.437051905
798	0.4407571
799	0.441674751
800	0.441106158
801	0.438421764
802	0.435662175
803	0.432612955
804	0.429629307
805	0.426011937
806	0.424756494
807	0.425138019
808	0.42713711
809	0.43195131
810	0.435368972
811	0.438468074
812	0.440999004
813	0.442830476
814	0.443869437
815	0.444198009
816	0.442933377
817	0.442717511
818	0.443160942
819	0.444443496
820	0.447212987
821	0.450048636
822	0.453318712
823	0.456952749
824	0.46107697
825	0.465170942
826	0.469394816
827	0.473789729
828	0.477624827
829	0.483239913
830	0.48976645
831	0.497052045
832	0.50592066
833	0.512717186
834	0.518594459
835	0.522759545
836	0.5270046
837	0.530974361
838	0.534823128
839	0.538962327
840	0.54288697
841	0.546992381
842	0.551504329
843	0.556979004
844	0.56300631
845	0.570298084
846	0.579404123
847	0.588341916
848	0.60530132
849	0.627350552
850	0.656863106
851	0.686437067
852	0.71664237
853	0.746249232
854	0.775575195
855	0.799898831
856	0.819561418
857	0.834089784
858	0.84297289
859	0.847553647
860	0.848011201
861	0.845197078
862	0.837952673
863	0.834049177
864	0.831965076
865	0.833641537
866	0.836857035
867	0.842650693
868	0.851272684
869	0.861758225
870	0.87714184
871	0.896480898
872	0.919475952
873	0.947694416
874	0.974718539
875	1.001864643
876	1.028625108
877	1.053392457
878	1.079702089
879	1.105812305
880	1.132306472
881	1.156425952
882	1.178248561
883	1.197306082
884	1.213403658
885	1.225808734
886	1.234500043
887	1.239439394
888	1.240078247
889	1.238314784
890	1.233739156
891	1.226544026
892	1.216860249
893	1.204959383
894	1.190913474
895	1.175559978
896	1.157234708
897	1.136558193
898	1.113776039
899	1.088200942
900	1.062987587
901	1.037695877
902	1.012682814
903	0.988608647
904	0.964518506
905	0.940974827
906	0.918111883
907	0.896396905
908	0.874950714
909	0.854440379
910	0.834015227
911	0.816897251
912	0.802553409
913	0.791157868
914	0.784083842
915	0.777634502
916	0.773012121
917	0.77029881
918	0.767903203
919	0.771302532
920	0.778408636
921	0.790948506
922	0.803435411
923	0.816448052
924	0.829320195
925	0.840575963
926	0.852187457
927	0.862948052
928	0.872371818
929	0.881129859
930	0.885254816
931	0.885630368
932	0.882093799
933	0.874513041
934	0.863793961
935	0.850130097
936	0.832354567
937	0.815582208
938	0.799125368
939	0.783446872
940	0.769944848
941	0.755523247
942	0.741337576
943	0.727455455
944	0.713782673
945	0.701092846
946	0.689271797
947	0.678166234
948	0.668556721
949	0.660308766
950	0.653417413
951	0.648251277
952	0.643496374
953	0.639431461
954	0.635954957
955	0.632858961
956	0.63050881
957	0.628696537
958	0.627133799
959	0.626317457
960	0.625994513
961	0.626015823
962	0.627183333
963	0.62666224
964	0.625228009
965	0.622940736
966	0.618704145
967	0.616711645
968	0.615650509
969	0.616723636
970	0.617005444
971	0.617081331
972	0.616835227
973	0.615802641
974	0.615194567
975	0.614711136
976	0.614434946
977	0.614019416
978	0.614697976
979	0.615927392
980	0.619158647
981	0.620244924
982	0.620027392
983	0.618511537
984	0.614178777
985	0.612102608
986	0.611158723
987	0.611621353
988	0.614843474
989	0.617237597
990	0.620365141
991	0.6235554
992	0.629653323
993	0.63853987
994	0.650713247
995	0.662732154
996	0.684852219
997	0.713085595
998	0.745880639
999	0.786995032
1000	0.814725639
1001	0.833902435
1002	0.844374459
1003	0.841581991
1004	0.826683366
1005	0.800898701
1006	0.758423009
1007	0.724015974
1008	0.692858312
1009	0.666810325
1010	0.649318734
1011	0.632991104
1012	0.620879827
1013	0.613602413
1014	0.608885877
1015	0.606904686
1016	0.607250833
1017	0.609708539
1018	0.613422175
1019	0.618247219
1020	0.623317121
1021	0.629781991
1022	0.637104773
1023	0.645005693
1024	0.65361184
1025	0.661245725
1026	0.667849264
1027	0.672999091
1028	0.676987998
1029	0.677584881
1030	0.675398312
1031	0.669727143
1032	0.662770844
1033	0.654473095
1034	0.645322955
1035	0.635282846
1036	0.626292749
1037	0.618307284
1038	0.611650444
1039	0.606487446
1040	0.603020281
1041	0.601156742
1042	0.601594578
1043	0.60194224
1044	0.60253
1045	0.603138972
1046	0.603002478
1047	0.603777078
1048	0.604714394
1049	0.60678132
1050	0.607055087
1051	0.605949794
1052	0.603409275
1053	0.598549405
1054	0.594337803
1055	0.590288019
1056	0.586723193
1057	0.583670703
1058	0.582016039
1059	0.581568431
1060	0.582979102
1061	0.5844171
1062	0.586162825
1063	0.588062814
1064	0.589926494
1065	0.591935065
1066	0.593984481
1067	0.595706472
1068	0.597973323
1069	0.600605779
1070	0.603566439
1071	0.607613571
1072	0.610420141
1073	0.612620725
1074	0.614296851
1075	0.614431732
1076	0.61697434
1077	0.620645
1078	0.626785216
1079	0.631671937
1080	0.635986266
1081	0.639553258
1082	0.641888994
1083	0.644347359
1084	0.646636299
1085	0.648201764
1086	0.650901786
1087	0.65446118
1088	0.658867673
1089	0.665090747
1090	0.669870043
1091	0.673924329
1092	0.677126807
1093	0.678965141
1094	0.681128593
1095	0.683089123
1096	0.68500618
1097	0.686697013
1098	0.688262641
1099	0.68973381
1100	0.69132105
1101	0.692550325
1102	0.693695509
1103	0.694275963
1104	0.695916851
1105	0.698372965
1106	0.701694686
1107	0.706530119
1108	0.71084447
1109	0.715208745
1110	0.718830444
1111	0.723554351
1112	0.72903355
1113	0.735244405
1114	0.74331632
1115	0.749753463
1116	0.755530054
1117	0.76076408
1118	0.764287619
1119	0.771116558
1120	0.779642478
1121	0.791252511
1122	0.802038885
1123	0.812788279
1124	0.823292229
1125	0.832608041
1126	0.84320961
1127	0.854036071
1128	0.86573026
1129	0.875751883
1130	0.884330801
1131	0.891173431
1132	0.896106721
1133	0.898997067
1134	0.899885476
1135	0.898615087
1136	0.896098074
1137	0.892467013
1138	0.888068571
1139	0.882129924
1140	0.878098485
1141	0.875780227
1142	0.873460931
1143	0.871141147
1144	0.868820628
1145	0.866499524
1146	0.864177208
1147	0.861854426
1148	0.859530909
1149	0.857206851
1150	0.854881667
1151	0.852556093
1152	0.850229545
1153	0.847902392
1154	0.845574545
1155	0.845015887
1156	0.845177435
1157	0.846920325
1158	0.847198593
1159	0.847056926
1160	0.845318485
1161	0.845187197
1162	0.845758896
1163	0.846871504
1164	0.850011656
1165	0.849188939
1166	0.846431645
1167	0.83953881
1168	0.835294892
1169	0.832463074
1170	0.831372576
1171	0.83278381
1172	0.834340823
1173	0.836537435
1174	0.840328333
1175	0.842045
1176	0.842363615
1177	0.841304556
1178	0.837355747
1179	0.836313766
1180	0.83651461
1181	0.839559686
1182	0.841410887
1183	0.842892911
1184	0.843889242
1185	0.843828258
1186	0.844646515
1187	0.845860768
1188	0.847511959
1189	0.849925703
1190	0.853092175
1191	0.85700816
1192	0.862085563
1193	0.866885671
1194	0.871878647
1195	0.876187392
1196	0.882225703
1197	0.889456797
1198	0.897809784
1199	0.908083452
1200	0.916951732
1201	0.925243561
1202	0.932099968
1203	0.939389892
1204	0.946691515
1205	0.954039924
1206	0.961989351
1207	0.968834167
1208	0.975225855
1209	0.980249805
1210	0.986806786
1211	0.994400065
1212	1.003092771
1213	1.013706093
1214	1.023279502
1215	1.032640357
1216	1.041211494
1217	1.050339221
1218	1.059758095
1219	1.069540368
1220	1.0797679
1221	1.090332478
1222	1.101269589
1223	1.112694351
1224	1.124217803
1225	1.135903777
1226	1.147737089
1227	1.159430758
1228	1.171862186
1229	1.184643463
1230	1.198172002
1231	1.210913593
1232	1.223080238
1233	1.234563452
1234	1.2450404
1235	1.255425552
1236	1.265388409
1237	1.275189361
1238	1.284105119
1239	1.292349491
1240	1.299530108
1241	1.306739015
1242	1.313912597
1243	1.321113723
1244	1.328949004
1245	1.335742565
1246	1.341986883
1247	1.346855649
1248	1.352587955
1249	1.358947392
1250	1.36599579
1251	1.374858203
1252	1.382061223
1253	1.388583106
1254	1.392538561
1255	1.39881776
1256	1.406612165
1257	1.415855758
1258	1.428476093
1259	1.437255476
1260	1.443947165
1261	1.446715541
1262	1.449869048
1263	1.452735747
1264	1.455586061
1265	1.459093496
1266	1.461764989
1267	1.464203571
1268	1.466229113
1269	1.468663864
1270	1.471456981
1271	1.474713323
1272	1.478605693
1273	1.482853777
1274	1.487609329
1275	1.49272145
1276	1.498678128
1277	1.505330866
1278	1.512820119
1279	1.520575682
1280	1.528529091
1281	1.53652461
1282	1.544649762
1283	1.552155909
1284	1.559170498
1285	1.56530316
1286	1.571554177
1287	1.577830552
1288	1.584215996
1289	1.591522511
1290	1.597186115
1291	1.602848636
1292	1.608510076
1293	1.614171115
1294	1.619831212
1295	1.625490714
1296	1.631148929
1297	1.636806699
1298	1.642463377
1299	1.648119578
1300	1.653774524
1301	1.659428896
1302	1.665082446
1303	1.670735227
1304	1.673536515
1305	1.676782478
1306	1.680339632
1307	1.684174015
1308	1.688251721
1309	1.692207511
1310	1.697002987
1311	1.702487825
1312	1.708652381
1313	1.715674968
1314	1.722669545
1315	1.729747067
1316	1.73696303
1317	1.743741797
1318	1.75014171
1319	1.756167024
1320	1.761361959
1321	1.767450866
1322	1.773815184
1323	1.781297835
1324	1.787129416
1325	1.791952619
1326	1.794872522
1327	1.79823329
1328	1.801865476
1329	1.805975693
1330	1.810913745
1331	1.815979589
1332	1.821377251
1333	1.826959502
1334	1.83285316
1335	1.838881515
1336	1.844876169
1337	1.851305584
1338	1.855883117
1339	1.859371959
1340	1.860992067
1341	1.863658777
1342	1.866958788
1343	1.871248203
1344	1.876486894
1345	1.88278053
1346	1.890107175
1347	1.898686299
1348	1.90744355
1349	1.916539253
1350	1.926010455
1351	1.935383387
1352	1.944740498
1353	1.953469513
1354	1.963163582
1355	1.973737857
1356	1.985231797
1357	1.998122316
1358	2.010645649
1359	2.023074221
1360	2.035500011
1361	2.04719592
1362	2.058292922
1363	2.068909968
1364	2.078610758
1365	2.089787089
1366	2.101967922
1367	2.115216753
1368	2.129764665
1369	2.14543605
1370	2.163118442
1371	2.179824567
1372	2.19567987
1373	2.210488571
1374	2.223331699
1375	2.237121385
1376	2.251126429
1377	2.265821364
1378	2.280218896
1379	2.294527154
1380	2.308374123
1381	2.322474805
1382	2.336678128
1383	2.350875584
1384	2.365589113
1385	2.378602024
1386	2.390383777
1387	2.399875714
1388	2.409736136
1389	2.419457662
1390	2.428991688
1391	2.440198149
1392	2.446449481
1393	2.44285881
1394	2.439267316
1395	2.435674535
1396	2.43208132
1397	2.428486905
1398	2.424891494
1399	2.421295303
1400	2.417698128
1401	2.414100032
1402	2.41050092
1403	2.40690092
1404	2.396746667
1405	2.381809989
1406	2.366335054
1407	2.348200768
1408	2.331212792
1409	2.31460645
1410	2.29834342
1411	2.283048766
1412	2.265963312
1413	2.247751266
1414	2.228375996
1415	2.207900887
1416	2.186598041
1417	2.163388593
1418	2.142290141
1419	2.123065833
1420	2.105898442
1421	2.092776602
1422	2.076986797
1423	2.060758398
1424	2.041625292
1425	2.028024794
1426	2.01840697
1427	2.015303896
1428	2.012863701
1429	2.011700779
1430	2.011469134
1431	2.010481753
1432	2.01360882
1433	2.018967771
1434	2.02820816
1435	2.034786623
1436	2.03972105
1437	2.040648571
1438	2.042544654
1439	2.044545206
1440	2.046601645
1441	2.050062587
1442	2.049276732
1443	2.045865271
1444	2.038278745
1445	2.031505823
1446	2.024606807
1447	2.018759286
1448	2.011664621
1449	2.003776548
1450	1.995098041
1451	1.985002478
1452	1.975898647
1453	1.966912543
1454	1.959193712
1455	1.948576807
1456	1.93604131
1457	1.920240465
1458	1.905045043
1459	1.889995779
1460	1.876268387
1461	1.861875758
1462	1.847102143
1463	1.832014113
1464	1.815999004
1465	1.801674794
1466	1.788477652
1467	1.777436916
1468	1.765920931
1469	1.754533669
1470	1.742192273
1471	1.73183526
1472	1.723238496
1473	1.716486006
1474	1.712338301
1475	1.707764481
1476	1.703452965
1477	1.699200584
1478	1.695224416
1479	1.691583561
1480	1.687587706
1481	1.685723615
1482	1.685756656
1483	1.688652511
1484	1.692278312
1485	1.696579968
1486	1.701324729
1487	1.705927597
1488	1.711677251
1489	1.718117922
1490	1.725625725
1491	1.732871201
1492	1.740052056
1493	1.746367121
1494	1.753703799
1495	1.761819816
1496	1.770648442
1497	1.780794784
1498	1.789353171
1499	1.796960487
1500	1.803214177
1501	1.809066602
1502	1.814434545
1503	1.819069275
1504	1.824391115
1505	1.830358366
1506	1.837423182
1507	1.844830433
1508	1.852590541
1509	1.860593095
1510	1.8688971
1511	1.876928593
1512	1.884811396
1513	1.892056634
1514	1.900104113
1515	1.908607045
1516	1.918379816
1517	1.927097143
1518	1.935045476
1519	1.941193333
1520	1.948007305
1521	1.955528398
1522	1.963925952
1523	1.973716764
1524	1.983155032
1525	1.992507976
1526	2.001793063
1527	2.010231255
1528	2.017872532
1529	2.024174242
1530	2.030490249
1531	2.036677446
1532	2.043379037
1533	2.049247024
1534	2.054341439
1535	2.058692814
1536	2.061670942
1537	2.065822489
1538	2.070590844
1539	2.077001429
1540	2.08226421
1541	2.087001158
1542	2.089904459
1543	2.094603571
1544	2.100680271
1545	2.10974368
1546	2.117969156
1547	2.125298139
1548	2.131493669
1549	2.135398777
1550	2.140900519
1551	2.147091082
1552	2.154547045
1553	2.161817868
1554	2.169093323
1555	2.17671671
1556	2.18325697
1557	2.188931342
1558	2.192773755
1559	2.197549372
1560	2.20331763
1561	2.210304242
1562	2.218980509
1563	2.227738268
1564	2.236790942
1565	2.246239329
1566	2.254750931
1567	2.262425617
1568	2.268645411
1569	2.274791169
1570	2.280599848
1571	2.286762045
1572	2.291612381
1573	2.295388571
1574	2.298218658
1575	2.299291126
1576	2.302547738
1577	2.306863582
1578	2.313619697
1579	2.317925346
1580	2.320930422
1581	2.321610097
1582	2.323149297
1583	2.325203539
1584	2.328607468
1585	2.332423387
1586	2.337152078
1587	2.342486494
1588	2.350239729
1589	2.360620974
1590	2.373911753
1591	2.390303074
1592	2.409532435
1593	2.431499242
1594	2.455911742
1595	2.482283485
1596	2.510064448
1597	2.538890974
1598	2.567129773
1599	2.594154935
1600	2.619658398
1601	2.641546147
1602	2.659374437
1603	2.672325411
1604	2.680826515
1605	2.684684848
1606	2.683915087
1607	2.678434048
1608	2.669005335
1609	2.655630281
1610	2.639551439
1611	2.618148571
1612	2.592914524
1613	2.56241868
1614	2.534486959
1615	2.508640887
1616	2.487334123
1617	2.466469113
1618	2.446903582
1619	2.427497814
1620	2.41105671
1621	2.397298582
1622	2.387762219
1623	2.378375043
1624	2.368738117
1625	2.358485996
1626	2.345216017
1627	2.336256115
1628	2.329194556
1629	2.326867933
1630	2.318091591
1631	2.304645909
1632	2.28304224
1633	2.26220434
1634	2.240854286
1635	2.221134816
1636	2.198516385
1637	2.173474383
1638	2.14542224
1639	2.11544
1640	2.083731515
1641	2.050725768
1642	2.016270498
1643	1.982906439
1644	1.950269978
1645	1.918956407
1646	1.887399545
1647	1.855857976
1648	1.824633842
1649	1.792176699
1650	1.758797543
1651	1.723776494
1652	1.689584816
1653	1.656046926
1654	1.623656721
1655	1.59176039
1656	1.560435173
1657	1.530044838
1658	1.499445433
1659	1.468688874
1660	1.436926299
1661	1.406303225
1662	1.377028961
1663	1.349231548
1664	1.323537348
1665	1.297445119
1666	1.271351028
1667	1.245261082
1668	1.2185129
1669	1.191343236
1670	1.162818647
1671	1.136438528
1672	1.111716158
1673	1.089896158
1674	1.06760697
1675	1.045139242
1676	1.021945509
1677	0.998875844
1678	0.975964978
1679	0.952758366
1680	0.931093247
1681	0.91105724
1682	0.892687045
1683	0.876395422
1684	0.859779188
1685	0.843110801
1686	0.826484383
1687	0.808390779
1688	0.789212424
1689	0.768239145
1690	0.748587727
1691	0.729931677
1692	0.712471418
1693	0.696523052
1694	0.681947738
1695	0.66966566
1696	0.656210054
1697	0.641872825
1698	0.625437024
1699	0.609816721
1700	0.594848052
