450	0.125135135
451	0.109716216
452	0.112689189
453	0.123351351
454	0.139810811
455	0.158540541
456	0.208351351
457	0.182459459
458	0.12677027
459	0.047432432
460	-0.101391892
461	-0.141540541
462	-0.139608108
463	-0.096081081
464	0.030675676
465	0.096405405
466	0.152108108
467	0.194108108
468	0.21027027
469	0.233702703
470	0.253351351
471	0.272324324
472	0.278432432
473	0.31972973
474	0.379918919
475	0.458702703
476	0.573405405
477	0.666297297
478	0.756932432
479	0.843959459
480	0.916445946
481	1.006067568
482	1.101445946
483	1.202986486
484	1.311324324
485	1.423527027
486	1.539148649
487	1.656648649
488	1.774986486
489	1.88872973
490	1.996310811
491	2.094756757
492	2.193418919
493	2.256621622
494	2.295513514
495	2.310567568
496	2.286162162
497	2.271986486
498	2.253689189
499	2.233432432
500	2.221472973
501	2.194878378
502	2.162621622
503	2.125364865
504	2.077918919
505	2.037527027
506	1.999189189
507	1.963121622
508	1.936202703
509	1.899621622
510	1.859527027
511	1.815783784
512	1.765702703
513	1.718378378
514	1.671743243
515	1.627216216
516	1.581540541
517	1.546283784
518	1.518108108
519	1.496783784
520	1.489797297
521	1.475081081
522	1.458621622
523	1.440256757
524	1.412932432
525	1.394743243
526	1.380121622
527	1.368986486
528	1.364743243
529	1.357135135
530	1.348702703
531	1.338648649
532	1.328662162
533	1.312378378
534	1.291891892
535	1.267675676
536	1.230878378
537	1.206959459
538	1.188148649
539	1.173743243
540	1.177297297
541	1.160310811
542	1.134256757
543	1.098486486
544	1.043081081
545	0.997027027
546	0.953094595
547	0.912621622
548	0.875716216
549	0.84622973
550	0.822878378
551	0.804864865
552	0.800472973
553	0.783581081
554	0.761459459
555	0.733337838
556	0.693878378
557	0.657837838
558	0.621635135
559	0.586743243
560	0.546594595
561	0.521837838
562	0.505675676
563	0.497013514
564	0.512986486
565	0.501040541
566	0.476945946
567	0.440472973
568	0.373067568
569	0.3295
570	0.293932432
571	0.267783784
572	0.262189189
573	0.247567568
574	0.233054054
575	0.217959459
576	0.201067568
577	0.184418919
578	0.167648649
579	0.151581081
580	0.128837838
581	0.123067568
582	0.12627027
583	0.137594595
584	0.168972973
585	0.181851351
586	0.187756757
587	0.186189189
588	0.164891892
589	0.158851351
590	0.156094595
591	0.15622973
592	0.17172973
593	0.164391892
594	0.147743243
595	0.1225
596	0.075527027
597	0.051391892
598	0.035743243
599	0.028932432
600	0.043256757
601	0.041959459
602	0.038067568
603	0.032027027
604	0.017283784
605	0.017418919
606	0.02527027
607	0.042081081
608	0.072189189
609	0.106108108
610	0.148513514
611	0.200324324
612	0.256148649
613	0.335418919
614	0.429878378
615	0.538054054
616	0.665337838
617	0.784837838
618	0.903972973
619	1.02077027
620	1.13377027
621	1.242905405
622	1.347743243
623	1.441648649
624	1.541594595
625	1.643594595
626	1.747783784
627	1.86227027
628	1.96627027
629	2.065027027
630	2.158486486
631	2.232351351
632	2.322689189
633	2.418756757
634	2.519297297
635	2.639527027
636	2.73127027
637	2.805175676
638	2.858162162
639	2.883472973
640	2.893837838
641	2.885554054
642	2.859662162
643	2.81672973
644	2.761324324
645	2.695040541
646	2.620702703
647	2.534527027
648	2.456675676
649	2.383432432
650	2.316081081
651	2.260337838
652	2.202635135
653	2.147567568
654	2.094810811
655	2.043256757
656	1.994256757
657	1.946635135
658	1.899675676
659	1.855905405
660	1.805891892
661	1.752864865
662	1.6975
663	1.636
664	1.583121622
665	1.534027027
666	1.489243243
667	1.453081081
668	1.411810811
669	1.371594595
670	1.322864865
671	1.291243243
672	1.270621622
673	1.261
674	1.275486486
675	1.277797297
676	1.276364865
677	1.269972973
678	1.244783784
679	1.236094595
680	1.233662162
681	1.237067568
682	1.261351351
683	1.263702703
684	1.256608108
685	1.240256757
686	1.197202703
687	1.180189189
688	1.172972973
689	1.175918919
690	1.203432432
691	1.209324324
692	1.207581081
693	1.197054054
694	1.171594595
695	1.149905405
696	1.126567568
697	1.102756757
698	1.077689189
699	1.058189189
700	1.042540541
701	1.030702703
702	1.025135135
703	1.017216216
704	1.010054054
705	1.000513514
706	0.99422973
707	0.989391892
708	0.985094595
709	0.989121622
710	0.979621622
711	0.962743243
712	0.939067568
713	0.897594595
714	0.872891892
715	0.856554054
716	0.849851351
717	0.859810811
718	0.86827027
719	0.880256757
720	0.895027027
721	0.912905405
722	0.930040541
723	0.947175676
724	0.964864865
725	0.975472973
726	1.002256757
727	1.035621622
728	1.073527027
729	1.120810811
730	1.149391892
731	1.165513514
732	1.175189189
733	1.155932432
734	1.112608108
735	1.046445946
736	0.940405405
737	0.84822973
738	0.759972973
739	0.67927027
740	0.615459459
741	0.551635135
742	0.493635135
743	0.440824324
744	0.398648649
745	0.350256757
746	0.301162162
747	0.252432432
748	0.195351351
749	0.159378378
750	0.135351351
751	0.123108108
752	0.127445946
753	0.13
754	0.1355
755	0.142081081
756	0.150972973
757	0.152297297
758	0.149364865
759	0.132148649
760	0.126527027
761	0.125418919
762	0.129081081
763	0.150459459
764	0.151540541
765	0.142635135
766	0.124054054
767	0.08122973
768	0.059256757
769	0.044824324
770	0.038716216
771	0.051581081
772	0.049081081
773	0.042378378
774	0.030756757
775	0.014594595
776	-0.004445946
777	-0.024297297
778	-0.063148649
779	-0.068405405
780	-0.051148649
781	-0.011256757
782	0.078054054
783	0.14022973
784	0.191972973
785	0.229418919
786	0.241445946
787	0.254391892
788	0.261621622
789	0.266202703
790	0.258635135
791	0.276756757
792	0.309108108
793	0.355067568
794	0.430094595
795	0.477472973
796	0.51572973
797	0.544648649
798	0.554445946
799	0.583878378
800	0.619391892
801	0.666810811
802	0.713891892
803	0.763986486
804	0.816121622
805	0.86672973
806	0.922743243
807	0.980364865
808	1.037891892
809	1.10177027
810	1.145581081
811	1.176581081
812	1.194472973
813	1.197716216
814	1.195445946
815	1.187945946
816	1.163013514
817	1.161054054
818	1.175675676
819	1.208216216
820	1.271527027
821	1.328324324
822	1.384905405
823	1.437216216
824	1.489297297
825	1.518175676
826	1.529364865
827	1.523310811
828	1.485459459
829	1.465972973
830	1.449567568
831	1.436891892
832	1.442202703
833	1.417405405
834	1.381594595
835	1.32027027
836	1.276256757
837	1.242716216
838	1.222918919
839	1.217743243
840	1.2305
841	1.259418919
842	1.302013514
843	1.368135135
844	1.41522973
845	1.45272973
846	1.478013514
847	1.483824324
848	1.487797297
849	1.483094595
850	1.470202703
851	1.449391892
852	1.421418919
853	1.3865
854	1.346310811
855	1.299959459
856	1.249040541
857	1.194662162
858	1.140513514
859	1.082418919
860	1.024756757
861	0.970702703
862	0.90572973
863	0.885405405
864	0.88927027
865	0.948621622
866	0.977
867	0.988445946
868	0.978486486
869	0.927662162
870	0.884148649
871	0.8375
872	0.791405405
873	0.743527027
874	0.712162162
875	0.693608108
876	0.687486486
877	0.700405405
878	0.705743243
879	0.709959459
880	0.715189189
881	0.709567568
882	0.694891892
883	0.671202703
884	0.625783784
885	0.596418919
886	0.573608108
887	0.557554054
888	0.562256757
889	0.543283784
890	0.514135135
891	0.474837838
892	0.415283784
893	0.372432432
894	0.334297297
895	0.311486486
896	0.28
897	0.245864865
898	0.209175676
899	0.162418919
900	0.129932432
901	0.105716216
902	0.090581081
903	0.089513514
904	0.086608108
905	0.086243243
906	0.087905405
907	0.091
908	0.095824324
909	0.102567568
910	0.107283784
911	0.12177027
912	0.142864865
913	0.170608108
914	0.210378378
915	0.244445946
916	0.277864865
917	0.310297297
918	0.335689189
919	0.374918919
920	0.420324324
921	0.478608108
922	0.530175676
923	0.577986486
924	0.6205
925	0.655972973
926	0.686378378
927	0.711337838
928	0.731932432
929	0.742783784
930	0.763405405
931	0.787459459
932	0.814810811
933	0.852743243
934	0.87077027
935	0.880716216
936	0.869756757
937	0.874932432
938	0.887783784
939	0.909094595
940	0.948418919
941	0.976648649
942	1.001891892
943	1.023459459
944	1.035824324
945	1.056027027
946	1.077135135
947	1.106675676
948	1.123135135
949	1.131472973
950	1.131364865
951	1.115756757
952	1.108324324
953	1.103013514
954	1.100797297
955	1.103256757
956	1.105459459
957	1.108
958	1.116716216
959	1.11277027
960	1.099932432
961	1.077945946
962	1.040283784
963	1.008986486
964	0.979378378
965	0.952945946
966	0.929540541
967	0.912932432
968	0.901162162
969	0.903581081
970	0.892959459
971	0.874391892
972	0.8475
973	0.802851351
974	0.770351351
975	0.743067568
976	0.722283784
977	0.711837838
978	0.701608108
979	0.694810811
980	0.693743243
981	0.690972973
982	0.687837838
983	0.684445946
984	0.677621622
985	0.679013514
986	0.686310811
987	0.700297297
988	0.723864865
989	0.749878378
990	0.781635135
991	0.831864865
992	0.874202703
993	0.919621622
994	0.974243243
995	0.991581081
996	1.126013514
997	1.331527027
998	1.601162162
999	1.960621622
1000	2.257243243
1001	2.517013514
1002	2.768135135
1003	2.869959459
1004	2.845864865
1005	2.697567568
1006	2.362864865
1007	2.072797297
1008	1.780689189
1009	1.506162162
1010	1.268864865
1011	1.060040541
1012	0.890959459
1013	0.782743243
1014	0.680702703
1015	0.595648649
1016	0.523472973
1017	0.462702703
1018	0.407135135
1019	0.35777027
1020	0.299121622
1021	0.269756757
1022	0.262662162
1023	0.277432432
1024	0.329202703
1025	0.367702703
1026	0.402648649
1027	0.431094595
1028	0.439243243
1029	0.463540541
1030	0.489283784
1031	0.532013514
1032	0.54572973
1033	0.538175676
1034	0.50827027
1035	0.444405405
1036	0.385216216
1037	0.323621622
1038	0.263297297
1039	0.205486486
1040	0.158864865
1041	0.122027027
1042	0.101743243
1043	0.081148649
1044	0.063310811
1045	0.047135135
1046	0.031932432
1047	0.017540541
1048	0.003837838
1049	-0.012486486
1050	-0.02222973
1051	-0.026959459
1052	-0.026189189
1053	-0.017756757
1054	-0.008445946
1055	0.003081081
1056	0.016148649
1057	0.031932432
1058	0.044878378
1059	0.057216216
1060	0.062310811
1061	0.079310811
1062	0.103945946
1063	0.136189189
1064	0.183418919
1065	0.219297297
1066	0.25077027
1067	0.269689189
1068	0.293851351
1069	0.320351351
1070	0.34977027
1071	0.385405405
1072	0.417581081
1073	0.447851351
1074	0.475702703
1075	0.503716216
1076	0.522094595
1077	0.535337838
1078	0.529959459
1079	0.546013514
1080	0.574783784
1081	0.615364865
1082	0.687364865
1083	0.723162162
1084	0.742121622
1085	0.721175676
1086	0.71772973
1087	0.723135135
1088	0.740351351
1089	0.779824324
1090	0.813
1091	0.846283784
1092	0.876986486
1093	0.908148649
1094	0.922094595
1095	0.925202703
1096	0.902162162
1097	0.898567568
1098	0.904108108
1099	0.919
1100	0.959716216
1101	0.968310811
1102	0.963027027
1103	0.924810811
1104	0.904391892
1105	0.892878378
1106	0.892256757
1107	0.91577027
1108	0.924351351
1109	0.929297297
1110	0.91972973
1111	0.921148649
1112	0.929418919
1113	0.944932432
1114	0.977432432
1115	0.998108108
1116	1.014621622
1117	1.027148649
1118	1.026837838
1119	1.047986486
1120	1.078540541
1121	1.128675676
1122	1.166891892
1123	1.198797297
1124	1.222391892
1125	1.23172973
1126	1.241675676
1127	1.24627027
1128	1.249878378
1129	1.239108108
1130	1.216635135
1131	1.182486486
1132	1.133486486
1133	1.083216216
1134	1.02872973
1135	0.971864865
1136	0.912783784
1137	0.852513514
1138	0.791283784
1139	0.736864865
1140	0.669243243
1141	0.618756757
1142	0.564635135
1143	0.515810811
1144	0.47072973
1145	0.429148649
1146	0.396594595
1147	0.354594595
1148	0.307756757
1149	0.249797297
1150	0.195675676
1151	0.143824324
1152	0.095121622
1153	0.052797297
1154	0.008986486
1155	0.004216216
1156	-0.001486486
1157	-0.014581081
1158	-0.020324324
1159	-0.024445946
1160	-0.028364865
1161	-0.027837838
1162	-0.024027027
1163	-0.016797297
1164	-0.005081081
1165	0.006689189
1166	0.019905405
1167	0.032405405
1168	0.049256757
1169	0.068837838
1170	0.090878378
1171	0.115283784
1172	0.138594595
1173	0.160635135
1174	0.182783784
1175	0.19777027
1176	0.206648649
1177	0.209189189
1178	0.20622973
1179	0.198216216
1180	0.187432432
1181	0.165405405
1182	0.161662162
1183	0.170891892
1184	0.19327027
1185	0.241837838
1186	0.268797297
1187	0.288459459
1188	0.28627027
1189	0.302743243
1190	0.330837838
1191	0.372391892
1192	0.435283784
1193	0.495945946
1194	0.561675676
1195	0.624486486
1196	0.703054054
1197	0.792135135
1198	0.890391892
1199	1.000378378
1200	1.102013514
1201	1.196986486
1202	1.287175676
1203	1.356351351
1204	1.406013514
1205	1.436054054
1206	1.437810811
1207	1.443540541
1208	1.444581081
1209	1.453675676
1210	1.440891892
1211	1.41422973
1212	1.375527027
1213	1.316
1214	1.277486486
1215	1.249972973
1216	1.244675676
1217	1.238472973
1218	1.237351351
1219	1.240810811
1220	1.244432432
1221	1.263648649
1222	1.292932432
1223	1.338527027
1224	1.379972973
1225	1.420864865
1226	1.460243243
1227	1.493081081
1228	1.537054054
1229	1.586540541
1230	1.644554054
1231	1.701797297
1232	1.759513514
1233	1.816675676
1234	1.8725
1235	1.926540541
1236	1.978310811
1237	2.027662162
1238	2.074337838
1239	2.118675676
1240	2.157851351
1241	2.198837838
1242	2.240905405
1243	2.283689189
1244	2.329932432
1245	2.369121622
1246	2.403081081
1247	2.432351351
1248	2.452108108
1249	2.46327027
1250	2.466648649
1251	2.457905405
1252	2.455175676
1253	2.455216216
1254	2.459783784
1255	2.467135135
1256	2.476972973
1257	2.487972973
1258	2.503891892
1259	2.505689189
1260	2.49727027
1261	2.472175676
1262	2.446094595
1263	2.416391892
1264	2.383932432
1265	2.350081081
1266	2.310337838
1267	2.265716216
1268	2.218716216
1269	2.159932432
1270	2.091567568
1271	2.013905405
1272	1.925405405
1273	1.837297297
1274	1.748445946
1275	1.658283784
1276	1.574378378
1277	1.495972973
1278	1.428337838
1279	1.360378378
1280	1.293391892
1281	1.226864865
1282	1.157689189
1283	1.096216216
1284	1.040054054
1285	0.993013514
1286	0.946837838
1287	0.903054054
1288	0.861972973
1289	0.808054054
1290	0.817797297
1291	0.828216216
1292	0.840283784
1293	0.851054054
1294	0.861216216
1295	0.870891892
1296	0.878689189
1297	0.891432432
1298	0.907108108
1299	0.928189189
1300	0.946959459
1301	0.964824324
1302	0.979648649
1303	0.995635135
1304	1.041391892
1305	1.094702703
1306	1.175216216
1307	1.239608108
1308	1.300756757
1309	1.354486486
1310	1.410905405
1311	1.468986486
1312	1.529540541
1313	1.589554054
1314	1.658905405
1315	1.732567568
1316	1.822162162
1317	1.887972973
1318	1.936486486
1319	1.967148649
1320	1.969391892
1321	1.987148649
1322	2.008202703
1323	2.041459459
1324	2.064864865
1325	2.083959459
1326	2.094797297
1327	2.105418919
1328	2.114878378
1329	2.123189189
1330	2.132378378
1331	2.136702703
1332	2.137594595
1333	2.132702703
1334	2.129054054
1335	2.124959459
1336	2.120256757
1337	2.117337838
1338	2.104972973
1339	2.086540541
1340	2.059972973
1341	2.031040541
1342	1.999094595
1343	1.964567568
1344	1.93027027
1345	1.896797297
1346	1.86522973
1347	1.834621622
1348	1.809527027
1349	1.788337838
1350	1.778513514
1351	1.758283784
1352	1.732810811
1353	1.684972973
1354	1.6585
1355	1.650324324
1356	1.660418919
1357	1.711675676
1358	1.726256757
1359	1.722121622
1360	1.672905405
1361	1.644702703
1362	1.627972973
1363	1.625040541
1364	1.651351351
1365	1.652054054
1366	1.643256757
1367	1.609432432
1368	1.593554054
1369	1.586027027
1370	1.60472973
1371	1.605864865
1372	1.594878378
1373	1.571959459
1374	1.518351351
1375	1.503324324
1376	1.508540541
1377	1.555310811
1378	1.582797297
1379	1.60027027
1380	1.595162162
1381	1.587986486
1382	1.577216216
1383	1.564756757
1384	1.550554054
1385	1.540972973
1386	1.535081081
1387	1.538189189
1388	1.535972973
1389	1.530797297
1390	1.522391892
1391	1.49277027
1392	1.498932432
1393	1.494175676
1394	1.491081081
1395	1.484472973
1396	1.475851351
1397	1.462405405
1398	1.452216216
1399	1.444216216
1400	1.438918919
1401	1.438135135
1402	1.433689189
1403	1.428013514
1404	1.40772973
1405	1.390837838
1406	1.348932432
1407	1.275594595
1408	1.217675676
1409	1.175351351
1410	1.152945946
1411	1.164337838
1412	1.162851351
1413	1.159756757
1414	1.155743243
1415	1.138945946
1416	1.111783784
1417	1.060108108
1418	1.025689189
1419	1.004581081
1420	0.997702703
1421	1.021945946
1422	1.015986486
1423	0.998527027
1424	0.948310811
1425	0.933243243
1426	0.940121622
1427	0.989135135
1428	1.031527027
1429	1.072216216
1430	1.108418919
1431	1.129608108
1432	1.168635135
1433	1.215067568
1434	1.277256757
1435	1.328391892
1436	1.374148649
1437	1.403932432
1438	1.443918919
1439	1.490337838
1440	1.543324324
1441	1.606445946
1442	1.660202703
1443	1.707054054
1444	1.74877027
1445	1.770378378
1446	1.774648649
1447	1.752459459
1448	1.729662162
1449	1.703878378
1450	1.676864865
1451	1.656932432
1452	1.6185
1453	1.572162162
1454	1.507067568
1455	1.465756757
1456	1.438797297
1457	1.43972973
1458	1.431243243
1459	1.417905405
1460	1.392716216
1461	1.363486486
1462	1.328797297
1463	1.288851351
1464	1.243364865
1465	1.195013514
1466	1.143405405
1467	1.091675676
1468	1.032297297
1469	0.967932432
1470	0.892175676
1471	0.825081081
1472	0.76527027
1473	0.713351351
1474	0.677216216
1475	0.626797297
1476	0.570202703
1477	0.501513514
1478	0.439743243
1479	0.382608108
1480	0.331513514
1481	0.288878378
1482	0.255527027
1483	0.230337838
1484	0.216040541
1485	0.211067568
1486	0.213013514
1487	0.228743243
1488	0.225148649
1489	0.209081081
1490	0.168662162
1491	0.138202703
1492	0.113081081
1493	0.103189189
1494	0.089689189
1495	0.075378378
1496	0.060743243
1497	0.038081081
1498	0.038243243
1499	0.05177027
1500	0.088824324
1501	0.112297297
1502	0.128243243
1503	0.129608108
1504	0.128405405
1505	0.122986486
1506	0.113013514
1507	0.103702703
1508	0.095932432
1509	0.090554054
1510	0.090094595
1511	0.089405405
1512	0.09027027
1513	0.090864865
1514	0.098013514
1515	0.11
1516	0.12877027
1517	0.148972973
1518	0.170216216
1519	0.194594595
1520	0.21427027
1521	0.22927027
1522	0.24
1523	0.240972973
1524	0.254689189
1525	0.27622973
1526	0.311324324
1527	0.343054054
1528	0.373594595
1529	0.400621622
1530	0.425797297
1531	0.448337838
1532	0.469918919
1533	0.48672973
1534	0.49972973
1535	0.510081081
1536	0.513081081
1537	0.53127027
1538	0.5595
1539	0.604905405
1540	0.645756757
1541	0.684972973
1542	0.717391892
1543	0.749108108
1544	0.777905405
1545	0.810472973
1546	0.829432432
1547	0.836581081
1548	0.833702703
1549	0.806108108
1550	0.815959459
1551	0.847513514
1552	0.921797297
1553	0.971081081
1554	1.005783784
1555	1.013702703
1556	1.016932432
1557	1.013297297
1558	1.001256757
1559	0.994378378
1560	0.994418919
1561	1.002864865
1562	1.023851351
1563	1.043905405
1564	1.065702703
1565	1.088216216
1566	1.109743243
1567	1.129567568
1568	1.147918919
1569	1.162662162
1570	1.174513514
1571	1.179135135
1572	1.189675676
1573	1.205256757
1574	1.225594595
1575	1.254891892
1576	1.27322973
1577	1.285054054
1578	1.286081081
1579	1.287648649
1580	1.286675676
1581	1.286743243
1582	1.277094595
1583	1.260378378
1584	1.233527027
1585	1.20777027
1586	1.183243243
1587	1.160743243
1588	1.143472973
1589	1.131905405
1590	1.125391892
1591	1.128662162
1592	1.121918919
1593	1.111
1594	1.088459459
1595	1.081945946
1596	1.085675676
1597	1.106567568
1598	1.124135135
1599	1.140918919
1600	1.152716216
1601	1.16477027
1602	1.175175676
1603	1.184581081
1604	1.190945946
1605	1.194013514
1606	1.193662162
1607	1.188675676
1608	1.183391892
1609	1.176243243
1610	1.170256757
1611	1.155040541
1612	1.133797297
1613	1.101391892
1614	1.075824324
1615	1.054283784
1616	1.042054054
1617	1.026067568
1618	1.007324324
1619	0.982175676
1620	0.955837838
1621	0.927148649
1622	0.907621622
1623	0.870297297
1624	0.817013514
1625	0.751405405
1626	0.646891892
1627	0.618094595
1628	0.636108108
1629	0.745743243
1630	0.792297297
1631	0.803094595
1632	0.736418919
1633	0.702094595
1634	0.686554054
1635	0.711945946
1636	0.739027027
1637	0.772689189
1638	0.805243243
1639	0.849040541
1640	0.902121622
1641	0.963432432
1642	1.03672973
1643	1.098608108
1644	1.154054054
1645	1.196540541
1646	1.246527027
1647	1.299297297
1648	1.357027027
1649	1.412986486
1650	1.467243243
1651	1.522459459
1652	1.566351351
1653	1.600608108
1654	1.618783784
1655	1.640013514
1656	1.663716216
1657	1.691689189
1658	1.723067568
1659	1.756648649
1660	1.801405405
1661	1.829608108
1662	1.838662162
1663	1.828081081
1664	1.783662162
1665	1.763756757
1666	1.755783784
1667	1.774054054
1668	1.775135135
1669	1.766891892
1670	1.743527027
1671	1.715945946
1672	1.682945946
1673	1.639067568
1674	1.604337838
1675	1.575716216
1676	1.568797297
1677	1.539243243
1678	1.489297297
1679	1.398837838
1680	1.317283784
1681	1.246283784
1682	1.189094595
1683	1.159054054
1684	1.105905405
1685	1.042824324
1686	0.957959459
1687	0.88972973
1688	0.827662162
1689	0.782959459
1690	0.715972973
1691	0.633986486
1692	0.526891892
1693	0.423216216
1694	0.318702703
1695	0.222054054
1696	0.115689189
1697	0.003891892
1698	-0.124013514
1699	-0.238824324
1700	-0.345162162
